2:
Colisiones: 6
Caballo: 4
. 0 . . . . . . . . 
. . . . . . 0 . . . 
. . . . . . . 0 . . 
. . . . . . . . . 0 
. . 0 . . . . . . . 
. . . . . . . . 0 . 
0 . . . . . . . . . 
. . . . . 0 . . . . 
. . . 0 . . . . . . 
. . . . 0 . . . . . 
0 0 0 0 0 0 0 0 0 0 
0 0 0 0 0 0 0 0 0 0 
0 0 0 0 0 0 0 0 0 0 
0 0 0 0 0 0 0 0 0 0 
0 0 0 0 0 0 0 0 0 0 
0 0 0 0 0 0 0 0 0 0 
0 0 0 0 0 0 0 0 0 0 
0 0 0 0 0 0 0 0 0 0 
0 0 0 0 0 0 0 0 0 0 
0 0 0 0 0 0 0 0 0 0 


0 0 0 0 0 0 0 0 0 0 
0 0 0 0 0 0 0 0 0 0 
0 0 0 0 0 26 0 0 0 0 
0 0 0 0 0 0 0 0 0 0 
0 0 0 0 0 0 0 0 0 0 
0 0 1 0 0 0 0 0 0 0 
0 0 0 0 0 0 0 0 0 0 
0 0 0 0 0 0 0 0 0 0 
0 0 0 0 0 0 0 0 0 0 
0 0 0 0 0 0 0 0 0 0 


0 0 0 0 0 0 0 0 0 0 
0 0 0 0 0 26 0 0 0 0 
0 0 0 0 0 25 0 0 0 0 
0 0 0 0 0 0 0 0 0 0 
0 0 0 0 0 0 0 0 0 0 
0 1 1 0 0 0 0 0 0 0 
0 0 0 0 0 0 0 0 0 0 
0 0 0 0 0 0 0 0 0 0 
0 0 0 0 0 0 0 0 0 0 
0 0 0 0 0 0 0 0 0 0 


0 0 0 0 0 0 0 0 0 0 
0 0 0 26 0 25 0 0 0 0 
0 0 0 0 0 24 0 0 0 0 
0 1 0 0 0 0 0 0 0 0 
0 0 0 0 0 0 0 0 0 0 
0 1 1 0 0 0 0 0 0 0 
0 0 0 0 0 0 0 0 0 0 
0 0 0 0 0 0 0 0 0 0 
0 0 0 0 0 0 0 0 0 0 
0 0 0 0 0 0 0 0 0 0 


0 0 0 0 0 0 0 0 0 0 
0 0 0 25 0 24 0 0 0 0 
0 0 0 0 0 23 26 0 0 0 
0 1 0 0 0 0 0 0 0 0 
0 0 0 0 0 0 0 0 0 0 
0 1 1 0 0 0 0 0 0 0 
0 0 1 0 0 0 0 0 0 0 
0 0 0 0 0 0 0 0 0 0 
0 0 0 0 0 0 0 0 0 0 
0 0 0 0 0 0 0 0 0 0 


0 0 0 0 0 0 0 0 0 0 
0 0 0 24 0 23 0 0 0 0 
0 0 0 0 0 22 25 0 0 0 
0 1 0 0 0 0 0 0 26 0 
0 0 0 0 0 0 0 0 0 0 
0 1 1 0 0 0 0 0 0 0 
0 0 1 0 0 0 0 0 0 0 
0 0 0 0 0 0 0 0 0 0 
0 0 0 1 0 0 0 0 0 0 
0 0 0 0 0 0 0 0 0 0 


0 0 0 0 0 0 0 0 0 0 
0 0 0 23 0 22 0 0 0 0 
0 0 0 0 0 21 24 0 0 0 
0 1 0 0 0 0 0 0 25 26 
0 0 0 0 0 0 0 0 0 0 
0 1 1 0 0 0 0 0 0 0 
0 0 1 0 0 0 0 0 0 0 
0 0 0 0 0 0 0 0 0 0 
0 0 0 1 0 0 0 0 0 0 
0 0 0 1 0 0 0 0 0 0 


0 0 0 0 0 0 0 0 0 0 
0 0 0 22 0 21 0 26 0 0 
0 0 0 0 0 20 23 0 0 0 
0 1 0 0 0 0 0 0 24 25 
0 0 0 0 0 0 0 0 0 0 
0 1 1 0 0 0 0 0 0 0 
0 0 1 0 0 0 0 0 0 0 
0 1 0 0 0 0 0 0 0 0 
0 0 0 1 0 0 0 0 0 0 
0 0 0 1 0 0 0 0 0 0 


0 0 0 0 0 0 0 0 0 0 
0 0 0 21 0 20 0 25 0 26 
0 0 0 0 0 19 22 0 0 0 
0 1 0 0 0 0 0 0 23 24 
0 0 0 0 0 0 0 0 0 0 
0 1 1 0 0 0 0 0 0 0 
0 0 1 0 0 0 0 0 0 0 
0 1 0 0 0 0 0 0 0 0 
0 0 0 1 0 0 0 0 0 0 
0 1 0 1 0 0 0 0 0 0 


0 0 0 0 0 0 0 0 0 0 
0 0 0 20 0 19 0 24 0 25 
0 0 0 0 0 18 21 0 0 0 
0 1 0 0 0 0 0 0 22 23 
0 0 0 0 0 0 0 0 0 0 
0 1 1 0 0 0 0 0 0 0 
0 0 1 0 0 0 0 0 0 0 
0 1 0 0 0 0 0 0 0 26 
0 0 0 1 0 0 0 0 0 0 
0 1 0 1 0 0 0 1 0 0 


0 0 0 0 0 0 0 0 0 0 
0 0 0 19 0 18 0 23 0 24 
0 0 0 0 0 17 20 26 0 0 
0 1 0 0 0 0 0 0 21 22 
0 0 0 0 0 0 0 0 0 0 
0 1 1 0 0 0 0 0 0 0 
0 0 1 0 0 0 0 0 0 0 
0 1 1 0 0 0 0 0 0 25 
0 0 0 1 0 0 0 0 0 0 
0 1 0 1 0 0 0 1 0 0 


0 0 0 0 0 0 0 0 26 0 
0 0 0 18 0 17 0 22 0 23 
0 0 0 0 0 16 19 25 0 0 
0 1 0 0 0 0 0 0 20 21 
0 0 0 0 0 0 0 0 0 0 
0 1 1 0 0 0 0 0 0 0 
0 0 1 0 0 0 0 0 0 0 
0 1 1 0 0 0 0 0 0 24 
1 0 0 1 0 0 0 0 0 0 
0 1 0 1 0 0 0 1 0 0 


0 0 0 0 0 0 0 0 25 0 
0 0 0 17 0 16 0 21 0 22 
0 0 0 0 0 15 18 24 0 0 
0 1 0 0 0 0 0 0 19 20 
0 0 0 0 0 0 0 0 0 0 
0 1 1 0 0 0 0 0 0 0 
0 0 1 0 0 0 0 26 0 0 
0 1 1 0 0 0 1 0 0 23 
1 0 0 1 0 0 0 0 0 0 
0 1 0 1 0 0 0 1 0 0 


0 0 0 0 0 0 0 0 24 0 
0 0 0 16 0 15 0 20 0 21 
0 0 0 0 0 14 17 23 0 0 
0 1 0 0 0 0 0 0 18 19 
0 0 0 0 0 0 0 0 0 0 
0 1 1 0 0 0 0 0 0 0 
0 0 1 0 0 0 0 25 0 0 
0 1 1 0 0 0 1 0 0 22 
1 0 0 1 0 0 0 0 0 26 
0 1 0 1 0 0 0 1 1 0 


0 0 0 0 0 0 0 0 23 0 
0 0 0 15 0 14 0 19 0 20 
0 0 0 0 0 13 16 22 0 0 
0 1 0 0 0 26 0 0 17 18 
0 0 0 0 0 0 0 0 0 0 
0 1 1 1 0 0 0 0 0 0 
0 0 1 0 0 0 0 24 0 0 
0 1 1 0 0 0 1 0 0 21 
1 0 0 1 0 0 0 0 0 25 
0 1 0 1 0 0 0 1 1 0 


0 0 0 26 0 0 0 0 22 0 
0 0 0 14 0 13 0 18 0 19 
0 0 0 0 0 12 15 21 0 0 
1 1 0 0 0 25 0 0 16 17 
0 0 0 0 0 0 0 0 0 0 
0 1 1 1 0 0 0 0 0 0 
0 0 1 0 0 0 0 23 0 0 
0 1 1 0 0 0 1 0 0 20 
1 0 0 1 0 0 0 0 0 24 
0 1 0 1 0 0 0 1 1 0 


0 0 0 25 0 0 0 0 21 0 
0 0 0 13 0 12 0 17 0 18 
0 0 0 0 0 11 14 20 0 0 
1 1 0 0 0 24 0 26 15 16 
0 0 0 0 0 0 0 0 0 0 
0 1 1 1 0 0 0 0 0 0 
0 0 1 0 0 0 0 22 0 0 
0 1 1 1 0 0 1 0 0 19 
1 0 0 1 0 0 0 0 0 23 
0 1 0 1 0 0 0 1 1 0 


0 0 0 24 0 0 0 0 20 0 
0 0 0 12 26 11 0 16 0 17 
0 0 0 0 0 10 13 19 0 0 
1 1 0 0 0 23 0 25 14 15 
0 1 0 0 0 0 0 0 0 0 
0 1 1 1 0 0 0 0 0 0 
0 0 1 0 0 0 0 21 0 0 
0 1 1 1 0 0 1 0 0 18 
1 0 0 1 0 0 0 0 0 22 
0 1 0 1 0 0 0 1 1 0 


0 0 0 23 0 0 0 0 19 0 
0 0 0 11 25 10 0 15 0 16 
0 0 0 0 0 9 12 18 0 0 
1 1 0 0 26 22 0 24 13 14 
0 1 0 1 0 0 0 0 0 0 
0 1 1 1 0 0 0 0 0 0 
0 0 1 0 0 0 0 20 0 0 
0 1 1 1 0 0 1 0 0 17 
1 0 0 1 0 0 0 0 0 21 
0 1 0 1 0 0 0 1 1 0 


0 0 0 22 0 0 0 0 18 0 
0 0 0 10 24 9 0 14 0 15 
0 0 0 26 0 8 11 17 0 0 
1 1 1 0 25 21 0 23 12 13 
0 1 0 1 0 0 0 0 0 0 
0 1 1 1 0 0 0 0 0 0 
0 0 1 0 0 0 0 19 0 0 
0 1 1 1 0 0 1 0 0 16 
1 0 0 1 0 0 0 0 0 20 
0 1 0 1 0 0 0 1 1 0 


0 26 0 21 0 0 0 0 17 0 
1 0 0 9 23 8 0 13 0 14 
0 0 0 25 0 7 10 16 0 0 
1 1 1 0 24 20 0 22 11 12 
0 1 0 1 0 0 0 0 0 0 
0 1 1 1 0 0 0 0 0 0 
0 0 1 0 0 0 0 18 0 0 
0 1 1 1 0 0 1 0 0 15 
1 0 0 1 0 0 0 0 0 19 
0 1 0 1 0 0 0 1 1 0 


0 25 26 20 0 0 0 0 16 0 
1 0 0 8 22 7 0 12 0 13 
1 0 0 24 0 6 9 15 0 0 
1 1 1 0 23 19 0 21 10 11 
0 1 0 1 0 0 0 0 0 0 
0 1 1 1 0 0 0 0 0 0 
0 0 1 0 0 0 0 17 0 0 
0 1 1 1 0 0 1 0 0 14 
1 0 0 1 0 0 0 0 0 18 
0 1 0 1 0 0 0 1 1 0 


0 24 25 19 0 0 0 0 15 0 
1 0 0 7 21 6 0 11 0 12 
1 0 0 23 0 5 8 14 0 0 
1 1 1 0 22 18 0 20 9 10 
0 1 0 1 0 26 0 0 0 0 
0 1 1 1 1 0 0 0 0 0 
0 0 1 0 0 0 0 16 0 0 
0 1 1 1 0 0 1 0 0 13 
1 0 0 1 0 0 0 0 0 17 
0 1 0 1 0 0 0 1 1 0 


0 23 24 18 0 0 0 0 14 0 
1 0 0 6 20 5 0 10 0 11 
1 0 0 22 0 4 7 13 0 0 
1 1 1 0 21 17 0 19 8 9 
0 1 0 1 0 25 0 0 0 0 
0 1 1 1 1 0 0 0 0 0 
0 0 1 0 0 0 0 15 0 26 
0 1 1 1 0 0 1 0 0 12 
1 0 0 1 0 0 0 0 0 16 
0 1 0 1 0 0 1 1 1 0 


0 22 23 17 0 0 0 0 13 0 
1 0 0 5 19 4 0 9 0 10 
1 0 0 21 0 3 6 12 26 0 
1 1 1 0 20 16 0 18 7 8 
0 1 0 1 0 24 0 0 0 0 
0 1 1 1 1 0 0 0 0 0 
0 0 1 0 0 0 0 14 0 25 
0 1 1 1 0 0 1 0 0 11 
1 0 1 1 0 0 0 0 0 15 
0 1 0 1 0 0 1 1 1 0 


0 21 22 16 0 0 0 0 12 26 
1 0 0 4 18 3 0 8 0 9 
1 0 0 20 0 2 5 11 25 0 
1 1 1 0 19 15 0 17 6 7 
0 1 0 1 0 23 0 0 0 0 
0 1 1 1 1 0 0 0 0 0 
0 0 1 0 0 0 0 13 0 24 
0 1 1 1 0 0 1 0 0 10 
1 0 1 1 0 0 0 0 0 14 
1 1 0 1 0 0 1 1 1 0 


0 20 21 15 0 0 0 0 11 25 
1 0 0 3 17 2 0 7 0 8 
1 0 0 19 0 1 4 10 24 26 
1 1 1 0 18 14 0 16 5 6 
0 1 0 1 0 22 0 0 0 0 
0 1 1 1 1 0 0 0 0 0 
0 0 1 0 0 0 0 12 0 23 
0 1 1 1 0 0 1 0 0 9 
1 0 1 1 0 0 0 0 0 13 
1 1 1 1 0 0 1 1 1 0 


0 19 20 14 0 0 0 0 10 24 
1 0 0 2 16 1 0 6 0 7 
1 0 0 18 0 0 3 9 23 25 
1 1 1 0 17 13 0 15 4 5 
0 1 0 1 0 21 26 0 0 0 
0 1 1 1 1 0 0 0 0 0 
0 0 1 0 1 0 0 11 0 22 
0 1 1 1 0 0 1 0 0 8 
1 0 1 1 0 0 0 0 0 12 
1 1 1 1 0 0 1 1 1 0 


0 18 19 13 0 0 0 0 9 23 
1 0 0 1 15 0 0 5 0 6 
1 0 0 17 0 0 2 8 22 24 
1 1 1 0 16 12 0 14 3 4 
0 1 0 1 0 20 25 0 0 0 
0 1 1 1 1 0 26 0 0 0 
0 0 1 0 1 1 0 10 0 21 
0 1 1 1 0 0 1 0 0 7 
1 0 1 1 0 0 0 0 0 11 
1 1 1 1 0 0 1 1 1 0 


0 17 18 12 0 0 0 0 8 22 
1 0 26 0 14 0 0 4 0 5 
1 1 0 16 0 0 1 7 21 23 
1 1 1 0 15 11 0 13 2 3 
0 1 0 1 0 19 24 0 0 0 
0 1 1 1 1 0 25 0 0 0 
0 0 1 0 1 1 0 9 0 20 
0 1 1 1 0 0 1 0 0 6 
1 0 1 1 0 0 0 0 0 10 
1 1 1 1 0 0 1 1 1 0 


0 16 17 11 0 0 26 0 7 21 
1 0 25 0 13 0 0 3 0 4 
1 1 0 15 0 0 0 6 20 22 
1 1 1 0 14 10 0 12 1 2 
0 1 0 1 0 18 23 0 0 0 
0 1 1 1 1 0 24 0 0 0 
1 0 1 0 1 1 0 8 0 19 
0 1 1 1 0 0 1 0 0 5 
1 0 1 1 0 0 0 0 0 9 
1 1 1 1 0 0 1 1 1 0 


0 15 16 10 0 0 25 0 6 20 
1 0 24 0 12 0 0 2 0 3 
1 1 0 14 0 0 0 5 19 21 
1 1 1 0 13 9 0 11 0 1 
0 1 0 1 0 17 22 0 0 0 
0 1 1 1 1 0 23 0 0 0 
1 0 1 0 1 1 0 7 26 18 
0 1 1 1 0 0 1 0 0 4 
1 0 1 1 0 0 1 0 0 8 
1 1 1 1 0 0 1 1 1 0 


0 14 15 9 0 0 24 0 5 19 
1 0 23 0 11 0 0 1 0 2 
1 1 0 13 0 0 0 4 18 20 
1 1 1 0 12 8 0 10 0 0 
0 1 0 1 0 16 21 0 26 0 
0 1 1 1 1 0 22 0 0 0 
1 0 1 0 1 1 0 6 25 17 
0 1 1 1 0 0 1 0 0 3 
1 0 1 1 1 0 1 0 0 7 
1 1 1 1 0 0 1 1 1 0 


0 13 14 8 26 0 23 0 4 18 
1 0 22 0 10 0 0 0 0 1 
1 1 0 12 0 0 0 3 17 19 
1 1 1 0 11 7 0 9 0 0 
1 1 0 1 0 15 20 0 25 0 
0 1 1 1 1 0 21 0 0 0 
1 0 1 0 1 1 0 5 24 16 
0 1 1 1 0 0 1 0 0 2 
1 0 1 1 1 0 1 0 0 6 
1 1 1 1 0 0 1 1 1 0 


0 12 13 7 25 0 22 0 3 17 
1 0 21 0 9 0 0 0 26 0 
1 1 0 11 0 0 0 2 16 18 
1 1 1 0 10 6 0 8 0 0 
1 1 0 1 0 14 19 0 24 0 
0 1 1 1 1 0 20 0 0 0 
1 0 1 0 1 1 0 4 23 15 
0 1 1 1 0 0 1 0 0 1 
1 1 1 1 1 0 1 0 0 5 
1 1 1 1 0 0 1 1 1 0 


0 11 12 6 24 0 21 0 2 16 
1 0 20 0 8 0 0 0 25 0 
1 1 0 10 0 0 0 1 15 17 
1 1 1 0 9 5 0 7 0 0 
1 1 0 1 0 13 18 0 23 0 
0 1 1 1 1 0 19 0 0 0 
1 0 1 0 1 1 0 3 22 14 
0 1 1 1 0 0 1 0 26 0 
1 1 1 1 1 0 1 1 0 4 
1 1 1 1 0 0 1 1 1 0 


0 10 11 5 23 0 20 0 1 15 
1 0 19 0 7 0 0 0 24 0 
1 1 0 9 0 0 0 0 14 16 
1 1 1 0 8 4 0 6 0 0 
1 1 0 1 0 12 17 0 22 0 
0 1 1 1 1 0 18 0 26 0 
1 0 1 0 1 1 0 2 21 13 
0 1 1 1 0 0 1 0 25 0 
1 1 1 1 1 1 1 1 0 3 
1 1 1 1 0 0 1 1 1 0 


0 9 10 4 22 26 19 0 0 14 
1 0 18 0 6 0 0 0 23 0 
1 1 0 8 0 0 0 0 13 15 
1 1 1 0 7 3 0 5 0 0 
1 1 0 1 0 11 16 0 21 0 
1 1 1 1 1 0 17 0 25 0 
1 0 1 0 1 1 0 1 20 12 
0 1 1 1 0 0 1 0 24 0 
1 1 1 1 1 1 1 1 0 2 
1 1 1 1 0 0 1 1 1 0 


0 8 9 3 21 25 18 0 0 13 
1 0 17 0 5 0 0 0 22 0 
1 1 0 7 0 0 0 0 12 14 
1 1 1 0 6 2 0 4 26 0 
1 1 0 1 0 10 15 0 20 0 
1 1 1 1 1 0 16 0 24 0 
1 0 1 0 1 1 0 0 19 11 
0 1 1 1 0 0 1 0 23 0 
1 1 1 2 1 1 1 1 0 1 
1 1 1 1 0 0 1 1 1 0 


0 7 8 2 20 24 17 0 0 12 
1 0 16 0 4 0 26 0 21 0 
1 1 0 6 0 0 0 0 11 13 
1 1 1 0 5 1 0 3 25 0 
1 1 0 1 0 9 14 0 19 0 
1 1 1 1 1 0 15 0 23 0 
1 1 1 0 1 1 0 0 18 10 
0 1 1 1 0 0 1 0 22 0 
1 1 1 2 1 1 1 1 0 0 
1 1 1 1 0 0 1 1 1 0 


0 6 7 1 19 23 16 0 0 11 
1 0 15 0 3 0 25 0 20 0 
1 1 0 5 0 0 0 0 10 12 
1 1 1 0 4 0 0 2 24 26 
1 1 0 1 0 8 13 0 18 0 
1 1 1 1 1 0 14 0 22 0 
1 1 1 0 1 1 0 0 17 9 
0 1 1 1 0 0 1 0 21 0 
1 1 1 2 1 1 1 1 0 0 
1 1 1 2 0 0 1 1 1 0 


0 5 6 0 18 22 15 0 0 10 
1 0 14 0 2 0 24 0 19 0 
1 1 0 4 0 0 0 0 9 11 
1 1 1 0 3 0 0 1 23 25 
1 1 0 1 0 7 12 0 17 0 
1 1 1 1 1 0 13 26 21 0 
1 1 1 0 1 1 0 0 16 8 
0 1 1 1 0 1 1 0 20 0 
1 1 1 2 1 1 1 1 0 0 
1 1 1 2 0 0 1 1 1 0 


0 4 5 0 17 21 14 0 0 9 
1 0 13 0 1 0 23 0 18 0 
1 1 0 3 0 0 0 0 8 10 
1 1 1 0 2 0 0 26 22 24 
1 1 0 1 0 6 11 0 16 0 
1 1 1 1 1 0 12 25 20 0 
1 1 1 0 1 1 0 0 15 7 
0 1 1 2 0 1 1 0 19 0 
1 1 1 2 1 1 1 1 0 0 
1 1 1 2 0 0 1 1 1 0 


0 3 4 0 16 20 13 0 0 8 
1 0 12 0 0 0 22 0 17 0 
1 1 0 2 0 0 0 0 7 9 
1 1 1 0 1 0 0 25 21 23 
1 1 0 1 0 5 10 0 15 26 
1 1 1 1 1 0 11 24 19 0 
1 1 1 0 1 1 0 0 14 6 
0 1 1 2 0 1 1 0 18 0 
1 1 1 2 1 1 1 1 0 0 
1 1 1 2 1 0 1 1 1 0 


0 2 3 0 15 19 12 0 0 7 
1 0 11 0 0 0 21 0 16 0 
1 1 0 1 26 0 0 0 6 8 
1 1 1 0 0 0 0 24 20 22 
1 1 1 1 0 4 9 0 14 25 
1 1 1 1 1 0 10 23 18 0 
1 1 1 0 1 1 0 0 13 5 
0 1 1 2 0 1 1 0 17 0 
1 1 1 2 1 1 1 1 0 0 
1 1 1 2 1 0 1 1 1 0 


0 1 2 0 14 18 11 0 0 6 
1 0 10 0 0 0 20 0 15 0 
1 1 0 0 25 26 0 0 5 7 
1 1 1 0 0 0 0 23 19 21 
1 1 1 1 0 3 8 0 13 24 
1 1 2 1 1 0 9 22 17 0 
1 1 1 0 1 1 0 0 12 4 
0 1 1 2 0 1 1 0 16 0 
1 1 1 2 1 1 1 1 0 0 
1 1 1 2 1 0 1 1 1 0 


0 0 1 0 13 17 10 0 0 5 
1 0 9 0 0 26 19 0 14 0 
1 1 0 0 24 25 0 0 4 6 
1 1 1 0 0 0 0 22 18 20 
1 1 1 1 0 2 7 0 12 23 
1 2 2 1 1 0 8 21 16 0 
1 1 1 0 1 1 0 0 11 3 
0 1 1 2 0 1 1 0 15 0 
1 1 1 2 1 1 1 1 0 0 
1 1 1 2 1 0 1 1 1 0 


0 0 0 0 12 16 9 26 0 4 
1 0 8 0 0 25 18 0 13 0 
1 1 0 0 23 24 0 0 3 5 
1 1 1 0 0 0 0 21 17 19 
1 1 1 1 0 1 6 0 11 22 
1 2 2 1 1 0 7 20 15 0 
1 1 1 0 1 1 0 0 10 2 
1 1 1 2 0 1 1 0 14 0 
1 1 1 2 1 1 1 1 0 0 
1 1 1 2 1 0 1 1 1 0 


0 0 0 0 11 15 8 25 0 3 
1 0 7 0 0 24 17 26 12 0 
1 1 0 0 22 23 0 0 2 4 
1 1 1 0 0 0 0 20 16 18 
1 1 1 1 0 0 5 0 10 21 
1 2 2 1 1 0 6 19 14 0 
1 1 1 0 1 1 0 0 9 1 
1 2 1 2 0 1 1 0 13 0 
1 1 1 2 1 1 1 1 0 0 
1 1 1 2 1 0 1 1 1 0 


0 0 0 0 10 14 7 24 0 2 
1 0 6 0 0 23 16 25 11 0 
1 1 0 0 21 22 0 0 1 3 
1 1 1 0 0 0 0 19 15 17 
1 1 1 1 0 0 4 0 9 20 
1 2 2 1 1 0 5 18 13 0 
1 1 1 0 1 1 0 26 8 0 
1 2 1 2 0 1 2 0 12 0 
1 1 1 2 1 1 1 1 0 0 
1 1 1 2 1 0 1 1 1 0 


0 0 26 0 9 13 6 23 0 1 
1 0 5 0 0 22 15 24 10 0 
2 1 0 0 20 21 0 0 0 2 
1 1 1 0 0 0 0 18 14 16 
1 1 1 1 0 0 3 0 8 19 
1 2 2 1 1 0 4 17 12 0 
1 1 1 0 1 1 0 25 7 0 
1 2 1 2 0 1 2 0 11 0 
1 1 1 2 1 1 1 1 0 0 
1 1 1 2 1 0 1 1 1 0 


0 0 25 0 8 12 5 22 0 0 
1 0 4 0 0 21 14 23 9 0 
2 1 0 0 19 20 0 26 0 1 
1 1 1 0 0 0 0 17 13 15 
1 1 1 1 0 0 2 0 7 18 
1 2 2 1 1 0 3 16 11 0 
1 1 1 0 1 1 0 24 6 0 
1 2 2 2 0 1 2 0 10 0 
1 1 1 2 1 1 1 1 0 0 
1 1 1 2 1 0 1 1 1 0 


0 0 24 0 7 11 4 21 0 0 
1 0 3 0 0 20 13 22 8 0 
2 1 0 0 18 19 0 25 0 0 
1 1 1 0 0 0 0 16 12 14 
1 1 1 1 0 0 1 0 6 17 
1 2 2 1 1 0 2 15 10 0 
1 1 1 0 1 1 0 23 5 0 
1 2 2 2 0 1 2 0 9 26 
1 1 1 2 1 1 1 1 0 0 
1 1 1 2 1 0 1 2 1 0 


0 0 23 0 6 10 3 20 0 0 
1 0 2 0 0 19 12 21 7 0 
2 1 0 0 17 18 0 24 26 0 
1 1 1 0 0 0 0 15 11 13 
1 1 1 1 0 0 0 0 5 16 
1 2 2 1 1 0 1 14 9 0 
1 1 1 0 1 1 0 22 4 0 
1 2 2 2 0 1 2 0 8 25 
1 1 2 2 1 1 1 1 0 0 
1 1 1 2 1 0 1 2 1 0 


0 0 22 0 5 9 2 19 0 0 
1 0 1 0 0 18 11 20 6 0 
2 1 0 0 16 17 0 23 25 0 
1 1 1 0 0 26 0 14 10 12 
1 1 1 1 0 0 0 0 4 15 
1 2 2 2 1 0 0 13 8 0 
1 1 1 0 1 1 0 21 3 0 
1 2 2 2 0 1 2 0 7 24 
1 1 2 2 1 1 1 1 0 0 
1 1 1 2 1 0 1 2 1 0 


0 0 21 26 4 8 1 18 0 0 
1 0 0 0 0 17 10 19 5 0 
2 1 0 0 15 16 0 22 24 0 
2 1 1 0 0 25 0 13 9 11 
1 1 1 1 0 0 0 0 3 14 
1 2 2 2 1 0 0 12 7 0 
1 1 1 0 1 1 0 20 2 0 
1 2 2 2 0 1 2 0 6 23 
1 1 2 2 1 1 1 1 0 0 
1 1 1 2 1 0 1 2 1 0 


0 0 20 25 3 7 0 17 0 0 
1 0 0 0 0 16 9 18 4 0 
2 1 0 0 14 15 0 21 23 0 
2 1 1 0 0 24 0 12 8 10 
1 1 1 1 0 0 26 0 2 13 
1 2 2 2 1 0 0 11 6 0 
1 1 1 0 2 1 0 19 1 0 
1 2 2 2 0 1 2 0 5 22 
1 1 2 2 1 1 1 1 0 0 
1 1 1 2 1 0 1 2 1 0 


0 0 19 24 2 6 0 16 0 0 
1 0 0 0 26 15 8 17 3 0 
2 1 0 0 13 14 0 20 22 0 
2 1 1 0 0 23 0 11 7 9 
1 2 1 1 0 0 25 0 1 12 
1 2 2 2 1 0 0 10 5 0 
1 1 1 0 2 1 0 18 0 0 
1 2 2 2 0 1 2 0 4 21 
1 1 2 2 1 1 1 1 0 0 
1 1 1 2 1 0 1 2 1 0 


0 0 18 23 1 5 0 15 0 0 
1 0 0 0 25 14 7 16 2 0 
2 1 0 0 12 13 0 19 21 0 
2 1 1 0 0 22 0 10 6 8 
1 2 1 1 0 0 24 0 0 11 
1 2 2 2 1 0 0 9 4 26 
1 1 1 0 2 1 0 17 0 0 
1 2 2 2 0 1 2 0 3 20 
1 1 2 2 1 1 1 1 0 0 
1 1 1 2 1 1 1 2 1 0 


0 0 17 22 0 4 0 14 0 26 
1 0 0 0 24 13 6 15 1 0 
2 1 0 0 11 12 0 18 20 0 
2 1 1 0 0 21 0 9 5 7 
1 2 1 1 0 0 23 0 0 10 
1 2 2 2 1 0 0 8 3 25 
1 1 1 0 2 1 0 16 0 0 
1 2 2 2 0 1 2 0 2 19 
1 1 2 2 1 1 1 1 0 0 
2 1 1 2 1 1 1 2 1 0 


0 0 16 21 0 3 0 13 0 25 
1 0 0 0 23 12 5 14 26 0 
2 1 0 0 10 11 0 17 19 0 
2 1 1 0 0 20 0 8 4 6 
1 2 1 1 0 0 22 0 0 9 
1 2 2 2 1 0 0 7 2 24 
1 1 1 0 2 1 0 15 0 0 
1 2 2 2 0 1 2 0 1 18 
1 2 2 2 1 1 1 1 0 0 
2 1 1 2 1 1 1 2 1 0 


0 0 15 20 0 2 0 12 0 24 
1 0 0 0 22 11 4 13 25 0 
2 1 0 0 9 10 26 16 18 0 
2 1 1 0 0 19 0 7 3 5 
1 2 1 1 0 0 21 0 0 8 
1 2 2 2 1 0 0 6 1 23 
1 1 2 0 2 1 0 14 0 0 
1 2 2 2 0 1 2 0 0 17 
1 2 2 2 1 1 1 1 0 0 
2 1 1 2 1 1 1 2 1 0 


0 0 14 19 0 1 0 11 0 23 
1 0 0 0 21 10 3 12 24 0 
2 1 0 26 8 9 25 15 17 0 
2 1 2 0 0 18 0 6 2 4 
1 2 1 1 0 0 20 0 0 7 
1 2 2 2 1 0 0 5 0 22 
1 1 2 0 2 1 0 13 0 0 
1 2 2 2 0 1 2 0 0 16 
1 2 2 2 1 1 1 1 0 0 
2 1 1 2 1 1 1 2 1 0 


0 0 13 18 0 0 0 10 0 22 
1 0 0 0 20 9 2 11 23 0 
2 1 0 25 7 8 24 14 16 0 
2 1 2 0 0 17 0 5 1 3 
1 2 1 1 0 26 19 0 0 6 
1 2 2 2 2 0 0 4 0 21 
1 1 2 0 2 1 0 12 0 0 
1 2 2 2 0 1 2 0 0 15 
1 2 2 2 1 1 1 1 0 0 
2 1 1 2 1 1 1 2 1 0 


0 0 12 17 0 0 0 9 0 21 
1 0 0 0 19 8 1 10 22 26 
2 1 0 24 6 7 23 13 15 0 
2 1 2 0 0 16 0 4 0 2 
1 2 1 1 0 25 18 0 0 5 
1 2 2 2 2 0 0 3 0 20 
1 1 2 0 2 1 0 11 0 0 
1 2 2 2 0 1 2 0 0 14 
1 2 2 2 1 1 1 1 0 0 
2 2 1 2 1 1 1 2 1 0 


0 0 11 16 0 0 0 8 0 20 
1 0 0 0 18 7 0 9 21 25 
2 1 0 23 5 6 22 12 14 0 
2 1 2 0 0 15 0 3 0 1 
1 2 1 1 0 24 17 0 0 4 
1 2 2 2 2 0 0 2 0 19 
1 1 2 0 2 1 0 10 0 0 
1 2 2 2 0 1 2 0 0 13 
1 2 2 2 1 1 1 1 0 26 
2 2 1 2 1 1 1 2 2 0 


0 0 10 15 26 0 0 7 0 19 
1 0 0 0 17 6 0 8 20 24 
2 1 0 22 4 5 21 11 13 0 
2 1 2 0 0 14 0 2 0 0 
2 2 1 1 0 23 16 0 0 3 
1 2 2 2 2 0 0 1 0 18 
1 1 2 0 2 1 0 9 0 0 
1 2 2 2 0 1 2 0 0 12 
1 2 2 2 1 1 1 1 0 25 
2 2 1 2 1 1 1 2 2 0 


0 0 9 14 25 0 0 6 0 18 
1 0 26 0 16 5 0 7 19 23 
2 2 0 21 3 4 20 10 12 0 
2 1 2 0 0 13 0 1 0 0 
2 2 1 1 0 22 15 0 0 2 
1 2 2 2 2 0 0 0 0 17 
1 1 2 0 2 1 0 8 0 0 
1 2 2 2 0 1 2 0 0 11 
1 2 2 2 1 1 1 1 0 24 
2 2 1 2 1 1 1 2 2 0 


0 0 8 13 24 0 0 5 0 17 
1 0 25 0 15 4 0 6 18 22 
2 2 0 20 2 3 19 9 11 0 
2 1 2 0 0 12 0 0 0 0 
2 2 1 1 0 21 14 0 0 1 
1 2 2 2 2 0 0 0 0 16 
1 1 2 0 2 1 0 7 0 26 
1 2 2 2 0 1 2 0 0 10 
1 2 2 2 1 1 1 1 0 23 
2 2 1 2 1 1 2 2 2 0 


0 0 7 12 23 0 0 4 0 16 
1 0 24 0 14 3 0 5 17 21 
2 2 0 19 1 2 18 8 10 0 
2 1 2 0 0 11 0 0 0 0 
2 2 1 1 0 20 13 0 0 0 
1 2 2 2 2 0 0 0 0 15 
1 1 2 0 2 1 0 6 26 25 
1 2 2 2 0 1 2 0 0 9 
1 2 2 2 1 1 2 1 0 22 
2 2 1 2 1 1 2 2 2 0 


0 26 6 11 22 0 0 3 0 15 
2 0 23 0 13 2 0 4 16 20 
2 2 0 18 0 1 17 7 9 0 
2 1 2 0 0 10 0 0 0 0 
2 2 1 1 0 19 12 0 0 0 
1 2 2 2 2 0 0 0 0 14 
1 1 2 0 2 1 0 5 25 24 
1 2 2 2 0 1 2 0 0 8 
1 2 2 2 1 1 2 1 0 21 
2 2 1 2 1 1 2 2 2 0 


0 25 5 10 21 26 0 2 0 14 
2 0 22 0 12 1 0 3 15 19 
2 2 0 17 0 0 16 6 8 0 
2 1 2 0 0 9 0 0 0 0 
2 2 1 1 0 18 11 0 0 0 
2 2 2 2 2 0 0 0 0 13 
1 1 2 0 2 1 0 4 24 23 
1 2 2 2 0 1 2 0 0 7 
1 2 2 2 1 1 2 1 0 20 
2 2 1 2 1 1 2 2 2 0 


0 24 4 9 20 25 26 1 0 13 
2 0 21 0 11 0 0 2 14 18 
2 2 0 16 0 0 15 5 7 0 
2 1 2 0 0 8 0 0 0 0 
2 2 1 1 0 17 10 0 0 0 
2 2 2 2 2 0 0 0 0 12 
2 1 2 0 2 1 0 3 23 22 
1 2 2 2 0 1 2 0 0 6 
1 2 2 2 1 1 2 1 0 19 
2 2 1 2 1 1 2 2 2 0 


0 23 3 8 19 24 25 0 0 12 
2 0 20 0 10 0 26 1 13 17 
2 2 0 15 0 0 14 4 6 0 
2 1 2 0 0 7 0 0 0 0 
2 2 1 1 0 16 9 0 0 0 
2 2 2 2 2 0 0 0 0 11 
2 2 2 0 2 1 0 2 22 21 
1 2 2 2 0 1 2 0 0 5 
1 2 2 2 1 1 2 1 0 18 
2 2 1 2 1 1 2 2 2 0 


0 22 2 7 18 23 24 0 0 11 
2 0 19 0 9 0 25 0 12 16 
2 2 0 14 0 0 13 3 5 0 
2 1 2 0 0 6 26 0 0 0 
2 2 1 1 0 15 8 0 0 0 
2 2 2 2 2 0 0 0 0 10 
2 2 2 1 2 1 0 1 21 20 
1 2 2 2 0 1 2 0 0 4 
1 2 2 2 1 1 2 1 0 17 
2 2 1 2 1 1 2 2 2 0 


0 21 1 6 17 22 23 0 0 10 
2 0 18 0 8 0 24 0 11 15 
2 2 0 13 0 26 12 2 4 0 
2 1 2 0 0 5 25 0 0 0 
2 2 1 1 0 14 7 0 0 0 
2 2 3 2 2 0 0 0 0 9 
2 2 2 1 2 1 0 0 20 19 
1 2 2 2 0 1 2 0 0 3 
1 2 2 2 1 1 2 1 0 16 
2 2 1 2 1 1 2 2 2 0 


0 20 0 5 16 21 22 0 0 9 
2 0 17 0 7 0 23 0 10 14 
2 2 0 12 0 25 11 1 3 26 
2 1 2 0 0 4 24 0 0 0 
2 2 1 1 0 13 6 0 0 0 
2 2 3 2 2 0 0 0 0 8 
2 2 2 1 2 1 0 0 19 18 
1 2 2 2 0 1 2 0 0 2 
1 2 2 2 1 1 2 1 0 15 
2 2 2 2 1 1 2 2 2 0 


0 19 0 4 15 20 21 0 0 8 
2 0 16 0 6 0 22 0 9 13 
2 2 0 11 0 24 10 0 2 25 
2 1 2 0 26 3 23 0 0 0 
2 2 1 2 0 12 5 0 0 0 
2 2 3 2 2 0 0 0 0 7 
2 2 2 1 2 1 0 0 18 17 
1 2 2 2 0 1 2 0 0 1 
1 2 2 2 1 1 2 1 0 14 
2 2 2 2 1 1 2 2 2 0 


0 18 26 3 14 19 20 0 0 7 
2 0 15 0 5 0 21 0 8 12 
3 2 0 10 0 23 9 0 1 24 
2 1 2 0 25 2 22 0 0 0 
2 2 1 2 0 11 4 0 0 0 
2 2 3 2 2 0 0 0 0 6 
2 2 2 1 2 1 0 0 17 16 
1 2 2 2 0 1 2 0 0 0 
1 2 2 2 1 1 2 1 0 13 
2 2 2 2 1 1 2 2 2 0 


0 17 25 2 13 18 19 0 0 6 
2 0 14 0 4 0 20 0 7 11 
3 2 0 9 0 22 8 0 0 23 
2 1 2 0 24 1 21 0 0 0 
2 2 1 2 0 10 3 26 0 0 
2 2 3 2 2 0 0 0 0 5 
2 2 2 1 2 1 0 0 16 15 
1 2 2 2 1 1 2 0 0 0 
1 2 2 2 1 1 2 1 0 12 
2 2 2 2 1 1 2 2 2 0 


0 16 24 1 12 17 18 0 0 5 
2 0 13 0 3 0 19 0 6 10 
3 2 0 8 0 21 7 0 0 22 
2 1 2 0 23 0 20 0 0 0 
2 2 1 2 0 9 2 25 0 26 
2 2 3 2 2 0 0 0 0 4 
2 2 2 1 2 1 0 0 15 14 
1 2 2 2 1 1 2 0 0 0 
1 2 2 2 1 1 2 1 0 11 
2 2 2 2 2 1 2 2 2 0 


0 15 23 0 11 16 17 0 0 4 
2 0 12 0 2 0 18 0 5 9 
3 2 0 7 0 20 6 0 0 21 
2 1 2 0 22 26 19 0 0 0 
2 2 1 2 0 8 1 24 0 25 
2 2 3 3 2 0 0 0 0 3 
2 2 2 1 2 1 0 0 14 13 
1 2 2 2 1 1 2 0 0 0 
1 2 2 2 1 1 2 1 0 10 
2 2 2 2 2 1 2 2 2 0 


0 14 22 0 10 15 16 0 0 3 
2 0 11 0 1 0 17 0 4 8 
3 2 0 6 26 19 5 0 0 20 
2 1 2 0 21 25 18 0 0 0 
2 2 2 2 0 7 0 23 0 24 
2 2 3 3 2 0 0 0 0 2 
2 2 2 1 2 1 0 0 13 12 
1 2 2 2 1 1 2 0 0 0 
1 2 2 2 1 1 2 1 0 9 
2 2 2 2 2 1 2 2 2 0 


0 13 21 0 9 14 15 0 0 2 
2 0 10 0 0 0 16 26 3 7 
3 2 0 5 25 18 4 0 0 19 
2 1 2 0 20 24 17 0 0 0 
2 2 2 2 0 6 0 22 0 23 
2 2 3 3 2 0 0 0 0 1 
2 2 2 1 2 1 0 0 12 11 
1 3 2 2 1 1 2 0 0 0 
1 2 2 2 1 1 2 1 0 8 
2 2 2 2 2 1 2 2 2 0 


0 12 20 0 8 13 14 0 0 1 
2 0 9 0 0 0 15 25 2 6 
3 2 0 4 24 17 3 0 0 18 
2 1 2 0 19 23 16 0 0 0 
2 2 2 2 0 5 0 21 0 22 
2 2 3 3 2 0 0 0 0 26 
2 2 2 1 2 1 0 0 11 10 
1 3 2 2 1 1 2 0 0 0 
1 2 2 2 1 1 2 1 0 7 
2 2 2 2 2 2 2 2 2 0 


0 11 19 0 7 12 13 0 0 0 
2 0 8 0 0 26 14 24 1 5 
3 2 0 3 23 16 2 0 0 17 
2 1 2 0 18 22 15 0 0 0 
2 2 2 2 0 4 0 20 0 21 
2 3 3 3 2 0 0 0 0 25 
2 2 2 1 2 1 0 0 10 9 
1 3 2 2 1 1 2 0 0 0 
1 2 2 2 1 1 2 1 0 6 
2 2 2 2 2 2 2 2 2 0 


0 10 18 0 6 11 12 0 0 0 
2 0 7 0 0 25 13 23 0 4 
3 2 0 2 22 15 1 0 0 16 
2 1 2 0 17 21 14 26 0 0 
2 2 2 2 0 3 0 19 0 20 
2 3 3 3 2 0 0 0 0 24 
2 2 2 1 2 1 0 0 9 8 
1 3 2 3 1 1 2 0 0 0 
1 2 2 2 1 1 2 1 0 5 
2 2 2 2 2 2 2 2 2 0 


0 9 17 0 5 10 11 0 0 0 
2 0 6 26 0 24 12 22 0 3 
3 2 0 1 21 14 0 0 0 15 
2 2 2 0 16 20 13 25 0 0 
2 2 2 2 0 2 0 18 0 19 
2 3 3 3 2 0 0 0 0 23 
2 2 2 1 2 1 0 0 8 7 
1 3 2 3 1 1 2 0 0 0 
1 2 2 2 1 1 2 1 0 4 
2 2 2 2 2 2 2 2 2 0 


0 8 16 0 4 9 10 0 0 0 
2 0 5 25 0 23 11 21 0 2 
3 2 0 0 20 13 26 0 0 14 
2 2 2 0 15 19 12 24 0 0 
2 2 2 2 0 1 0 17 0 18 
2 3 3 3 2 0 0 0 0 22 
2 2 3 1 2 1 0 0 7 6 
1 3 2 3 1 1 2 0 0 0 
1 2 2 2 1 1 2 1 0 3 
2 2 2 2 2 2 2 2 2 0 


0 7 15 0 3 8 9 0 0 0 
2 0 4 24 0 22 10 20 0 1 
3 2 0 0 19 12 25 0 0 13 
2 2 2 0 14 18 11 23 0 26 
2 2 2 2 0 0 0 16 0 17 
2 3 3 3 2 0 0 0 0 21 
2 2 3 1 2 1 0 0 6 5 
1 3 2 3 1 1 2 0 0 0 
1 2 2 2 1 1 2 1 0 2 
2 2 2 3 2 2 2 2 2 0 


0 6 14 0 2 7 8 0 0 0 
2 0 3 23 0 21 9 19 0 0 
3 2 0 0 18 11 24 0 26 12 
2 2 2 0 13 17 10 22 0 25 
2 2 2 2 0 0 0 15 0 16 
2 3 3 3 2 0 0 0 0 20 
2 2 3 1 2 1 0 0 5 4 
1 3 2 3 1 1 2 0 0 0 
1 2 3 2 1 1 2 1 0 1 
2 2 2 3 2 2 2 2 2 0 


0 5 13 0 1 6 7 0 0 0 
2 0 2 22 0 20 8 18 0 0 
3 2 0 0 17 10 23 0 25 11 
2 2 2 0 12 16 9 21 0 24 
2 2 2 2 0 0 26 14 0 15 
2 3 3 3 2 0 0 0 0 19 
2 2 3 1 3 1 0 0 4 3 
1 3 2 3 1 1 2 0 0 0 
1 2 3 2 1 1 2 1 0 0 
2 2 2 3 2 2 2 2 2 0 


0 4 12 0 0 5 6 0 0 0 
2 0 1 21 26 19 7 17 0 0 
3 2 0 0 16 9 22 0 24 10 
2 2 2 0 11 15 8 20 0 23 
2 3 2 2 0 0 25 13 0 14 
2 3 3 3 2 0 0 0 0 18 
2 2 3 1 3 1 0 0 3 2 
1 3 2 3 1 1 2 0 0 0 
1 2 3 2 1 1 2 1 0 0 
2 2 2 3 2 2 2 2 2 0 


0 3 11 0 0 4 5 0 0 0 
2 0 0 20 25 18 6 16 0 26 
3 2 0 0 15 8 21 0 23 9 
2 2 2 0 10 14 7 19 0 22 
2 3 2 2 0 0 24 12 0 13 
2 3 3 3 2 0 0 0 0 17 
2 2 3 1 3 1 0 0 2 1 
1 3 2 3 1 1 2 0 0 0 
1 2 3 2 1 1 2 1 0 0 
2 3 2 3 2 2 2 2 2 0 


0 2 10 0 0 3 4 0 0 26 
2 0 0 19 24 17 5 15 0 25 
3 2 0 0 14 7 20 0 22 8 
2 2 2 0 9 13 6 18 0 21 
2 3 2 2 0 0 23 11 0 12 
2 3 3 3 2 0 0 0 0 16 
2 2 3 1 3 1 0 0 1 0 
1 3 2 3 1 1 2 0 0 0 
1 2 3 2 1 1 2 1 0 0 
3 3 2 3 2 2 2 2 2 0 


0 1 9 0 0 2 3 0 26 25 
2 0 0 18 23 16 4 14 0 24 
3 2 0 0 13 6 19 0 21 7 
2 2 2 0 8 12 5 17 0 20 
2 3 2 2 0 0 22 10 0 11 
2 3 3 3 2 0 0 0 0 15 
2 2 3 1 3 1 0 0 0 0 
1 3 2 3 1 1 2 0 0 0 
2 2 3 2 1 1 2 1 0 0 
3 3 2 3 2 2 2 2 2 0 


0 0 8 0 0 1 2 0 25 24 
2 0 0 17 22 15 3 13 0 23 
3 2 0 0 12 5 18 0 20 6 
2 2 2 0 7 11 4 16 26 19 
2 3 2 2 0 0 21 9 0 10 
2 3 3 3 2 0 0 0 0 14 
2 2 3 1 3 1 0 0 0 0 
1 3 2 3 1 1 2 0 0 0 
2 2 3 3 1 1 2 1 0 0 
3 3 2 3 2 2 2 2 2 0 


0 0 7 0 0 0 1 0 24 23 
2 0 0 16 21 14 2 12 0 22 
3 2 0 0 11 4 17 0 19 5 
2 2 2 0 6 10 3 15 25 18 
2 3 2 2 0 0 20 8 0 9 
2 3 3 3 2 0 26 0 0 13 
2 2 3 1 3 2 0 0 0 0 
1 3 2 3 1 1 2 0 0 0 
2 2 3 3 1 1 2 1 0 0 
3 3 2 3 2 2 2 2 2 0 


0 0 6 26 0 0 0 0 23 22 
2 0 0 15 20 13 1 11 0 21 
3 2 0 0 10 3 16 0 18 4 
3 2 2 0 5 9 2 14 24 17 
2 3 2 2 0 0 19 7 0 8 
2 3 3 3 2 0 25 0 0 12 
2 2 3 1 3 2 0 0 0 0 
1 3 2 3 1 1 2 0 0 0 
2 2 3 3 1 1 2 1 0 0 
3 3 2 3 2 2 2 2 2 0 


0 0 5 25 0 0 0 0 22 21 
2 0 0 14 19 12 0 10 0 20 
3 2 0 0 9 2 15 0 17 3 
3 2 2 0 4 8 1 13 23 16 
2 3 2 2 0 0 18 6 0 7 
2 3 3 3 2 0 24 0 0 11 
2 2 3 1 3 2 0 0 0 0 
1 3 2 3 1 1 2 0 26 0 
2 2 3 3 1 1 2 2 0 0 
3 3 2 3 2 2 2 2 2 0 


-4
-4:
Colisiones: 4
Caballo: 8
. 0 . . . . . . . . 
. . 0 . . . . . . . 
0 . . . . . . . . . 
. . . . . 0 . . . . 
. . . . . . . 0 . . 
. . . . 0 . . . . . 
. . . . . . 0 . . . 
. . . . . . . . 0 . 
. . . 0 . . . . . . 
. . . . . . . . . 0 
