130
-
-958
-957
-905
-864
-816
-811
-771
-749
-675
-674
-586
-516
-495
-483
-475
-463
-454
-437
-423
-388
-367
-333
-301
-285
-255
-247
-210
-181
-176
-171
-136
-119
-104
-82
-75
-44
-26
-17
24
41
55
70
95
116
137
147
168
182
206
249
285
321
332
358
378
407
431
458
460
473
477
479
495
497
510
525
526
563
571
594
596
618
622
628
635
638
641
642
652
660
662
682
694
696
709
725
771
801
805
811
817
824
837
844
846
858
865
867
893
900
903
906
915
921
929
931
936
937
938
942
955
958
961
975
976
987
989
995
999
1001
1005
1007
1008
1013
1015
1018
1019
1021
1022
1023
