1
18 15
3 2 3 3 2 3 3 2 3 3 2 3 3 2 3 
2 3 2 2 3 2 2 3 2 2 3 2 2 3 2 
3 2 3 3 2 3 3 2 3 3 2 3 3 2 3
3 2 3 3 2 3 3 2 3 3 2 3 3 2 3 
2 3 2 2 3 2 2 3 2 2 3 2 2 3 2 
3 2 3 3 2 3 3 2 3 3 2 3 3 2 3
3 2 3 3 2 3 3 2 3 3 2 3 3 2 3 
2 3 2 2 3 2 2 3 2 2 3 2 2 3 2 
3 2 3 3 2 3 3 2 3 3 2 3 3 2 3
3 2 3 3 2 3 3 2 3 3 2 3 3 2 3 
2 3 2 2 3 2 2 3 2 2 3 2 2 3 2 
3 2 3 3 2 3 3 2 3 3 2 3 3 2 3
3 2 3 3 2 3 3 2 3 3 2 3 3 2 3 
2 3 2 2 3 2 2 3 2 2 3 2 2 3 2 
3 2 3 3 2 3 3 2 3 3 2 3 3 2 3
3 2 3 3 2 3 3 2 3 3 2 3 3 2 3 
2 3 2 2 3 2 2 3 2 2 3 2 2 3 2 
3 2 3 3 2 3 3 2 3 3 2 3 3 2 3
